0.5084523496354009
0.43013945454199287
0.0425821769617889
0.743575830041618
0.9870306558843174
0.06610396040001076
0.015497207679887604
0.5934566091922857
0.4873741441742482
0.6315302406395845
0.8437837074161636
0.7598333653983722
0.2812751549124495
0.052339353325208005
0.2526698604956874
0.2420798049570847
0.3794590499913284
0.7667511495931492
0.10900224567932282
0.30225933231436053
0.0697738444060294
0.6882798789110776
0.9919105077769229
0.9739814399118492
0.20679995229419512
0.7030858502381513
0.8225246187365802
0.9460834166400638
0.41135764353115334
0.044975466859394575
0.426554113020031
0.5242933162771677
0.08936676225542428
0.24388093957099644
0.42014126991681466
0.11719312443259222
0.7117393669031986
0.7274399013437525
0.6072508610190595
0.9672165318501946
0.110463030437979
0.5703346373401843
0.15596076460704145
0.6530783288412363
0.6407586225196289
0.3323390680791759
0.1813700529504434
0.22694769354274846
0.9351732556038082
0.4035613499148918
0.004441684424552728
0.7178408319637465
0.63269556700879
0.784158393022236
0.27894918164738813
0.13212319117474802
0.9044570758667796
0.7658383206600725
0.3827981312666633
0.012674977294527934
0.8173097591725139
0.553755311813792
0.9553446413145391
0.08018793408526503
0.5775468905042116
0.4699407367840617
0.22893482796481313
0.47322585875070344
0.47926037142679034
0.013203462167958313
0.8507405594612328
0.6280944204069602
0.9453047343096564
0.7154713236232589
0.22006855105312462
0.895231094842006
0.3935640075689032
0.43083449047348243
0.9766715720046634
0.5757388470399858
0.7871950198564223
0.42109105710019856
0.16719147259623246
0.1798525724094252
0.6347463045189066
0.36038388913965247
0.7897161261788028
0.35854007801705745
0.8945292005224877
0.17155673474693633
0.8705333477521625
0.14010447867585352
0.7073437229260268
0.42814713593253007
0.9625164823776993
0.8155682165486827
0.13263864927133018
0.9084721179864489
0.9711783857853956
0.059783646054048734
